1946 45540000
1947 45910000
1948 46210000
1949 46552000
1950 46914000
1951 47295000
1952 47540154
1953 47792434
1954 48121059
1955 48476568
1956 48788971
1957 49051924
1958 49310541
1959 49639684
1960 50025501
1961 50373901
1962 50698800
1963 51060100
1964 51443900
1965 51906800
1966 52317900
1967 52720100
1968 53080900
1969 53390601
1970 53685301
1971 53958400
1972 54188580
1973 54574113
1974 54928701
1975 55293037
1976 55588966
1977 55847553
1978 56063271
1979 56247019
1980 56388481
1981 56479287
1982 56524064
1983 56563031
1984 56565118
1985 56588319
1986 56597823
1987 56594488
1988 56609376
1989 56649201
1990 56694360
1991 56744119
1992 56757236
1993 56960300
1994 57138489
1995 57268578
1996 57332996
1997 57460977
1998 57563354
1999 57612615
2000 57679895
2001 56915744
2002 56987507
2003 57130506
2004 57495900
2005 57874753
2006 58064214
2007 58223744	
2008 58652875
2009 59000586
2010 59190143
2011 59364690
2012 59394207
2013 59685227
2014 60782668
2015 60795612
2016 60665551
2017 60589445
2018 60483973
2019 59816673
2020 59641488